80000437
03040413
fca42e23
fcb42c23
fe042623
fd842783
02078e63
fd842783
0017f793
00078a63
fec42703
fdc42783
00f707b3
fef42623
fdc42783
00179793
fcf42e23
fd842783
4017d793
fcf42c23
fc5ff06f
00000073
00000073
00000073
00000073
00000073
00000073
00000073
00000073
00000073
00000073
00000073
00000073
00000073
00000073
00000073
00000073
00000073
00000073
00000073
00000073
00000073
00000073
00000073
00000073
00000073
00000073
00000073
00000073
00000073
00000073
00000073
00000073
00000073
00000073
00000073
00000073
00000073
00000073
00000073
00000073
00000073
00000073
00000073
00000073
00000073
00000073
00000073
00000073
00000073
00000073
00000073
00000073
00000073
00000073
00000073
00000073
00000073
00000073
00000073
00000073
00000073
00000073
00000073
00000073
00000073
00000073
00000073
00000073
00000073
00000073
00000073
00000073
00000073
00000073
00000073
00000073
00000073
00000073
00000073
00000073
00000073
00000073
00000073
00000073
00000073
00000073
00000073
00000073
00000073
00000073
00000073
00000073
00000073
00000073
00000073
00000073
00000073
00000073
00000073
00000073
00000073
00000073
00000073
00000073
00000073
00000073
00000073
00000073
00000073
00000073
00000073
00000073
00000073
00000073
00000073
00000073
00000073
00000073
00000073
00000073
00000073
00000073
00000073
00000073
00000073
00000073
00000073
00000073
00000073
00000073
00000073
00000073
00000073
00000073
00000073
00000073
00000073
00000073
00000073
00000073
00000073
00000073
00000073
00000073
00000073
00000073
00000073
00000073
00000073
00000073
00000073
00000073
00000073
00000073
00000073
00000073
00000073
00000073
00000073
00000073
00000073
00000073
00000073
00000073
00000073
00000073
00000073
00000073
00000073
00000073
00000073
00000073
00000073
00000073
00000073
00000073
00000073
00000073
00000073
00000073
00000073
00000073
00000073
00000073
00000073
00000073
00000073
00000073
00000073
00000073
00000073
00000073
00000073
00000073
00000073
00000073
00000073
00000073
00000073
00000073
00000073
00000073
00000073
00000073
00000073
00000073
00000073
00000073
00000073
00000073
00000073
00000073
00000073
00000073
00000073
00000073
00000073
00000073
00000073
00000073
00000073
00000073
00000073
00000073
00000073
00000073
00000073
00000073
00000073
00000073
00000073
00000073
00000073
00000073
00000073
00000073
00000073
00000073
00000073
00000073
00000073
00000073
00000073
00000073
00000073
00000073
00000073
00000073
00000073
00000073
00000073
00000073
00000073
00000073
00000073
00000073
00000073
00000073
00000073
00000073
00000073
00000073
00000073
00000073
00000073
00000073
00000073
00000073
00000073
00000073
00000073
00000073
00000073
00000073
00000073
00000073
00000073
00000073
00000073
00000073
00000073
00000073
00000073
00000073
00000073
00000073
00000073
00000073
00000073
00000073
00000073
00000073
00000073
00000073
00000073
00000073
00000073
00000073
00000073
00000073
00000073
00000073
00000073
00000073
00000073
00000073
00000073
00000073
00000073
00000073
00000073
00000073
00000073
00000073
00000073
00000073
00000073
00000073
00000073
00000073
00000073
00000073
00000073
00000073
00000073
00000073
00000073
00000073
00000073
00000073
00000073
00000073
00000073
00000073
00000073
00000073
00000073
00000073
00000073
00000073
00000073
00000073
00000073
00000073
00000073
00000073
00000073
00000073
00000073
00000073
00000073
00000073
00000073
00000073
00000073
00000073
00000073
00000073
00000073
00000073
00000073
00000073
00000073
00000073
00000073
00000073
00000073
00000073
00000073
00000073
00000073
00000073
00000073
00000073
00000073
00000073
00000073
00000073
00000073
00000073
00000073
00000073
00000073
00000073
00000073
00000073
00000073
00000073
00000073
00000073
00000073
00000073
00000073
00000073
00000073
00000073
00000073
00000073
00000073
00000073
00000073
00000073
00000073
00000073
00000073
00000073
00000073
00000073
00000073
00000073
00000073
00000073
00000073
00000073
00000073
00000073
00000073
00000073
00000073
00000073
00000073
00000073
00000073
00000073
00000073
00000073
00000073
00000073
00000073
00000073
00000073
00000073
00000073
00000073
00000073
00000073
00000073
00000073
00000073
00000073
00000073
00000073
00000073
00000073
00000073
00000073
00000073
00000073
00000073
00000073
00000073
00000073
00000073
00000073
00000073
00000073
00000073
00000073
00000073
00000073
00000073
00000073
00000073
00000073
00000073
00000073
00000073
00000073
00000073
00000073
00000073
00000073
00000073
00000073
00000073
00000073
00000073
00000073
00000073
00000073
00000073
00000073
00000073
00000073
00000073
00000073
00000073
00000073
00000073
00000073
00000073
