80000437
03040413
fca42e23
fcb42c23
fdc42783
01f7d793
0ff7f793
00078713
fd842783
01f7d793
0ff7f793
00f747b3
00078663
fff00793
0080006f
00100793
fef42423
fdc42783
0007d863
fdc42783
40f007b3
fcf42e23
fd842783
0007d863
fd842783
40f007b3
fcf42c23
fe042623
fdc42703
fd842783
02f74263
fdc42703
fd842783
40f707b3
fcf42e23
fec42783
00178793
fef42623
fd9ff06f
fe842703
fff00793
00f71863
fec42783
40f007b3
fef42623
00000073
00000073
00000073
00000073
00000073
00000073
00000073
00000073
00000073
00000073
00000073
00000073
00000073
00000073
00000073
00000073
00000073
00000073
00000073
00000073
00000073
00000073
00000073
00000073
00000073
00000073
00000073
00000073
00000073
00000073
00000073
00000073
00000073
00000073
00000073
00000073
00000073
00000073
00000073
00000073
00000073
00000073
00000073
00000073
00000073
00000073
00000073
00000073
00000073
00000073
00000073
00000073
00000073
00000073
00000073
00000073
00000073
00000073
00000073
00000073
00000073
00000073
00000073
00000073
00000073
00000073
00000073
00000073
00000073
00000073
00000073
00000073
00000073
00000073
00000073
00000073
00000073
00000073
00000073
00000073
00000073
00000073
00000073
00000073
00000073
00000073
00000073
00000073
00000073
00000073
00000073
00000073
00000073
00000073
00000073
00000073
00000073
00000073
00000073
00000073
00000073
00000073
00000073
00000073
00000073
00000073
00000073
00000073
00000073
00000073
00000073
00000073
00000073
00000073
00000073
00000073
00000073
00000073
00000073
00000073
00000073
00000073
00000073
00000073
00000073
00000073
00000073
00000073
00000073
00000073
00000073
00000073
00000073
00000073
00000073
00000073
00000073
00000073
00000073
00000073
00000073
00000073
00000073
00000073
00000073
00000073
00000073
00000073
00000073
00000073
00000073
00000073
00000073
00000073
00000073
00000073
00000073
00000073
00000073
00000073
00000073
00000073
00000073
00000073
00000073
00000073
00000073
00000073
00000073
00000073
00000073
00000073
00000073
00000073
00000073
00000073
00000073
00000073
00000073
00000073
00000073
00000073
00000073
00000073
00000073
00000073
00000073
00000073
00000073
00000073
00000073
00000073
00000073
00000073
00000073
00000073
00000073
00000073
00000073
00000073
00000073
00000073
00000073
00000073
00000073
00000073
00000073
00000073
00000073
00000073
00000073
00000073
00000073
00000073
00000073
00000073
00000073
00000073
00000073
00000073
00000073
00000073
00000073
00000073
00000073
00000073
00000073
00000073
00000073
00000073
00000073
00000073
00000073
00000073
00000073
00000073
00000073
00000073
00000073
00000073
00000073
00000073
00000073
00000073
00000073
00000073
00000073
00000073
00000073
00000073
00000073
00000073
00000073
00000073
00000073
00000073
00000073
00000073
00000073
00000073
00000073
00000073
00000073
00000073
00000073
00000073
00000073
00000073
00000073
00000073
00000073
00000073
00000073
00000073
00000073
00000073
00000073
00000073
00000073
00000073
00000073
00000073
00000073
00000073
00000073
00000073
00000073
00000073
00000073
00000073
00000073
00000073
00000073
00000073
00000073
00000073
00000073
00000073
00000073
00000073
00000073
00000073
00000073
00000073
00000073
00000073
00000073
00000073
00000073
00000073
00000073
00000073
00000073
00000073
00000073
00000073
00000073
00000073
00000073
00000073
00000073
00000073
00000073
00000073
00000073
00000073
00000073
00000073
00000073
00000073
00000073
00000073
00000073
00000073
00000073
00000073
00000073
00000073
00000073
00000073
00000073
00000073
00000073
00000073
00000073
00000073
00000073
00000073
00000073
00000073
00000073
00000073
00000073
00000073
00000073
00000073
00000073
00000073
00000073
00000073
00000073
00000073
00000073
00000073
00000073
00000073
00000073
00000073
00000073
00000073
00000073
00000073
00000073
00000073
00000073
00000073
00000073
00000073
00000073
00000073
00000073
00000073
00000073
00000073
00000073
00000073
00000073
00000073
00000073
00000073
00000073
00000073
00000073
00000073
00000073
00000073
00000073
00000073
00000073
00000073
00000073
00000073
00000073
00000073
00000073
00000073
00000073
00000073
00000073
00000073
00000073
00000073
00000073
00000073
00000073
00000073
00000073
00000073
00000073
00000073
00000073
00000073
00000073
00000073
00000073
00000073
00000073
00000073
00000073
00000073
00000073
00000073
00000073
00000073
00000073
00000073
00000073
00000073
00000073
00000073
00000073
00000073
00000073
00000073
00000073
00000073
00000073
00000073
00000073
00000073
00000073
00000073
00000073
00000073
00000073
00000073
00000073
00000073
00000073
00000073
00000073
00000073
00000073
00000073
00000073
00000073
00000073
